2.110706030273437500e+05
2.098693671875000000e+05
2.075601313476562500e+05
2.038098160400390625e+05
1.977081660156250000e+05
1.891564482421875000e+05
1.785449472656250000e+05
1.663312382812500000e+05
1.518664384765625000e+05
1.379188623046875000e+05
1.230847368164062500e+05
1.099939560546875000e+05
9.670295849609375000e+04
8.427818408203125000e+04
7.430414062500000000e+04
6.355290917968750000e+04
5.464898266601562500e+04
4.696230297851562500e+04
4.011388061523437500e+04
3.452827343750000000e+04
2.932349853515625000e+04
2.505605371093750000e+04
2.144601696777343750e+04
1.852209289550781250e+04
1.573761584472656250e+04
1.355102331542968750e+04
1.168321740722656250e+04
1.018399157714843750e+04
8.937442993164062500e+03
7.845856262207031250e+03
6.933430236816406250e+03
6.221160003662109375e+03
5.687421356201171875e+03
5.254509780883789062e+03
4.908668823242187500e+03
4.678133758544921875e+03
4.510668289184570312e+03
4.393216842651367188e+03
4.281410148620605469e+03
4.216817024230957031e+03
4.168249298095703125e+03
4.141823455810546875e+03
4.112080703735351562e+03
4.086197448730468750e+03
4.069885864257812500e+03
4.051625694274902344e+03
4.041584465026855469e+03
4.018804290771484375e+03
3.997286266326904297e+03
3.987964141845703125e+03
