1.471888209270288644e+05
4.730502535813480063e+04
4.383658573327590420e+04
4.218965646304286201e+04
4.174401262569065148e+04
4.164742432244014344e+04
4.162209848382174096e+04
4.158965166609731386e+04
4.153600509307048924e+04
4.154717479911775445e+04
4.150293846913617017e+04
4.149464088445743255e+04
4.145600940916112449e+04
4.148867921267897327e+04
4.149334632183118811e+04
4.147194142899313738e+04
4.147828046002406336e+04
4.145706248700392462e+04
4.147071414799563354e+04
4.148261021463952784e+04
4.144081853435791709e+04
4.143089976495662995e+04
4.144210892060138576e+04
4.143865583087645791e+04
4.145278815323862364e+04
4.148318319412057463e+04
4.142075479462482326e+04
4.143515368466685322e+04
4.144143545543830260e+04
4.142377374662101647e+04
4.144279920593957650e+04
4.144302485082358180e+04
4.140814964381460595e+04
4.142883740095131361e+04
4.145776345743970160e+04
4.141412586331095372e+04
4.143522400041587389e+04
4.143225337201832735e+04
4.140814582389570569e+04
4.143659494563925546e+04
4.141154603907364071e+04
4.144377121981196251e+04
4.141878032310108392e+04
4.142095425287399121e+04
4.140598235132485570e+04
4.140876886891412141e+04
4.143653038251173712e+04
4.144225087816361338e+04
4.145063260038542649e+04
4.140361813110816001e+04
