2.083039495461975093e+04
4.750302443602238782e+03
4.329177319985378745e+03
4.098888195937123783e+03
3.965440924613647894e+03
3.890089716793466323e+03
3.831748629773071116e+03
3.790537338742738484e+03
3.754540352741575134e+03
3.729614420123879881e+03
3.703695620698167204e+03
3.686357709924531264e+03
3.672006724497211508e+03
3.659777583256420712e+03
3.645727757249041588e+03
3.635431603562242799e+03
3.630900139827691874e+03
3.627727072744768520e+03
3.619611601680857348e+03
3.616009534881142372e+03
3.607741374226124208e+03
3.606364542362807697e+03
3.601490713045171105e+03
3.599310531282606007e+03
3.592330991471221751e+03
3.593169435099503971e+03
3.588728937919602231e+03
3.587271464879068390e+03
3.583117232007218718e+03
3.582751410685564679e+03
3.582449296940415479e+03
3.579396451257480749e+03
3.575262622028249098e+03
3.574289536677385968e+03
3.572504469829820209e+03
3.571412971810243107e+03
3.568574787772653508e+03
3.567266262873950382e+03
3.565338955532915406e+03
3.568029633492118137e+03
3.564791689487464737e+03
3.562135404909518456e+03
3.560312856396794814e+03
3.561039813012677769e+03
3.557124377094747615e+03
3.556685819069242370e+03
3.555615725103893055e+03
3.552527217339200433e+03
3.549729821116298808e+03
3.550130630391632167e+03
